0.716701 1111
0.716701 1110
0.716701 1109
0.716701 1108
0.716564 1108
0.716564 1107
0.716564 1106
0.716564 1105
0.716564 1104
0.716564 1103
0.716564 1102
0.716564 1101
0.716564 1100
0.716564 1099
0.716564 1098
0.716487 1097
0.716487 1096
0.716487 1095
0.716487 1094
0.716487 1093
0.716487 1092
0.716487 1091
0.716487 1090
0.716487 1089
0.716487 1088
0.716487 1087
0.716487 1086
0.716487 1085
0.716487 1084
0.716487 1083
0.716487 1082
0.716487 1081
0.716487 1080
0.716487 1079
0.716487 1078
0.716487 1077
0.716487 1076
0.716487 1075
0.716487 1074
0.716487 1073
0.716487 1072
0.716487 1071
0.716487 1070
0.716487 1069
0.716487 1068
0.716428 1067
0.716428 1066
0.716428 1065
0.716428 1064
0.716428 1063
0.716428 1062
0.716428 1061
0.716428 1060
0.716428 1059
0.716428 1058
0.716287 1058
0.716287 1057
0.716287 1056
0.716287 1055
0.716287 1054
0.716287 1053
0.716287 1052
0.716287 1051
0.716287 1050
0.716287 1049
0.716287 1048
0.716287 1047
0.716287 1046
0.716287 1045
0.716287 1044
0.716287 1043
0.716273 1042
0.716273 1041
0.716132 1041
0.716132 1040
0.716132 1039
0.716132 1038
0.716132 1037
0.716132 1036
0.716132 1035
0.716132 1034
0.716132 1033
0.716132 1032
0.716132 1031
0.715981 1031
0.715981 1030
0.715981 1029
0.715981 1028
0.715981 1027
0.715819 1027
0.715819 1026
0.715819 1025
0.715819 1024
0.715819 1023
0.715819 1022
0.715819 1021
0.715819 1020
0.715819 1019
0.715817 1018
0.715817 1017
0.715817 1016
0.715817 1015
0.715817 1014
0.715817 1013
0.715764 1012
0.715764 1011
0.715764 1010
0.715764 1009
0.715764 1008
0.715764 1007
0.715764 1006
0.715764 1005
0.715764 1004
0.715764 1003
0.715764 1002
0.715764 1001
0.715764 1000
0.715764 999
0.715764 998
0.715764 997
0.715632 997
0.715632 996
0.715632 995
0.715632 994
0.715632 993
0.715632 992
0.715632 991
0.715632 990
0.715632 989
0.715632 988
0.715632 987
0.715632 986
0.715632 985
0.715632 984
0.715632 983
0.715632 982
0.715632 981
0.715632 980
0.715632 979
0.715632 978
0.715632 977
0.715632 976
0.715632 975
0.715632 974
0.715632 973
0.715632 972
0.715632 971
0.715632 970
0.715632 969
0.715632 968
0.715632 967
0.715632 966
0.715632 965
0.715632 964
0.715508 964
0.715508 963
0.715508 962
0.715508 961
0.715508 960
0.715508 959
0.715508 958
0.715508 957
0.715355 957
0.715355 956
0.715355 955
0.715355 954
0.715256 954
0.715256 953
0.715122 953
0.715122 952
0.715122 951
0.715122 950
0.715122 949
0.715122 948
0.715122 947
0.715122 946
0.715122 945
0.715122 944
0.715122 943
0.715122 942
0.715122 941
0.715122 940
0.715122 939
0.715122 938
0.714898 938
0.714898 937
0.714898 936
0.714898 935
0.714826 934
0.714826 933
0.714826 932
0.714729 931
0.714729 930
0.714729 929
0.714729 928
0.714729 927
0.714729 926
0.714729 925
0.714729 924
0.714729 923
0.714729 922
0.714729 921
0.714729 920
0.714729 919
0.714729 918
0.714729 917
0.714641 917
0.714641 916
0.714641 915
0.714498 915
0.714498 914
0.714498 913
0.714498 912
0.714498 911
0.714498 910
0.714498 909
0.714498 908
0.714498 907
0.714498 906
0.714498 905
0.714498 904
0.714498 903
0.714498 902
0.714498 901
0.714498 900
0.714498 899
0.714498 898
0.714498 897
0.714498 896
0.714498 895
0.714498 894
0.714498 893
0.714498 892
0.714498 891
0.714498 890
0.714498 889
0.714498 888
0.714498 887
0.714498 886
0.714498 885
0.714498 884
0.714498 883
0.714498 882
0.714498 881
0.714498 880
0.714498 879
0.714498 878
0.714498 877
0.714498 876
0.714402 876
0.714402 875
0.714402 874
0.714274 874
0.714274 873
0.714274 872
0.714274 871
0.714274 870
0.714274 869
0.714274 868
0.714274 867
0.714274 866
0.714274 865
0.714274 864
0.714274 863
0.714274 862
0.714274 861
0.714274 860
0.714274 859
0.714274 858
0.714274 857
0.714274 856
0.714274 855
0.714274 854
0.714274 853
0.714274 852
0.714274 851
0.714274 850
0.714274 849
0.714274 848
0.714274 847
0.714274 846
0.714274 845
0.714274 844
0.714274 843
0.714274 842
0.714274 841
0.714274 840
0.714274 839
0.714274 838
0.714186 838
0.714186 837
0.714186 836
0.714186 835
0.714186 834
0.714186 833
0.714186 832
0.714186 831
0.714186 830
0.714186 829
0.714186 828
0.714186 827
0.714186 826
0.714186 825
0.714186 824
0.714186 823
0.714186 822
0.714186 821
0.714178 820
0.714178 819
0.714053 819
0.714053 818
0.714053 817
0.714053 816
0.714053 815
0.714053 814
0.714053 813
0.714053 812
0.714053 811
0.714053 810
0.714053 809
0.714053 808
0.714053 807
0.714053 806
0.714053 805
0.714053 804
0.714053 803
0.714053 802
0.714053 801
0.714053 800
0.714053 799
0.714053 798
0.714053 797
0.714053 796
0.714053 795
0.713932 795
0.713932 794
0.713932 793
0.713932 792
0.713876 791
0.713876 790
0.713733 790
0.713733 789
0.713733 788
0.713733 787
0.713733 786
0.7136 786
0.713557 785
0.713557 784
0.713557 783
0.713557 782
0.713557 781
0.713557 780
0.713557 779
0.713557 778
0.713557 777
0.713557 776
0.713557 775
0.713557 774
0.713557 773
0.713557 772
0.713557 771
0.713557 770
0.713557 769
0.713557 768
0.713557 767
0.713557 766
0.713557 765
0.713557 764
0.713557 763
0.713557 762
0.713557 761
0.713427 761
0.713427 760
0.713427 759
0.713427 758
0.713427 757
0.713427 756
0.713427 755
0.713427 754
0.713387 753
0.713245 753
0.713245 752
0.713245 751
0.713245 750
0.71311 750
0.71311 749
0.71311 748
0.71311 747
0.71311 746
0.712998 746
0.712998 745
0.712998 744
0.712848 744
0.712848 743
0.712848 742
0.712848 741
0.712848 740
0.712848 739
0.712848 738
0.712848 737
0.712848 736
0.712736 736
0.712583 736
0.712583 735
0.712583 734
0.712583 733
0.712583 732
0.712583 731
0.712583 730
0.712583 729
0.712583 728
0.712583 727
0.712583 726
0.712583 725
0.712447 725
0.712447 724
0.712447 723
0.712447 722
0.712447 721
0.712329 721
0.712329 720
0.712329 719
0.712329 718
0.712329 717
0.712329 716
0.712329 715
0.712329 714
0.712329 713
0.712329 712
0.712329 711
0.712329 710
0.712329 709
0.712329 708
0.712329 707
0.712329 706
0.712329 705
0.712329 704
0.712329 703
0.712329 702
0.712329 701
0.712329 700
0.712329 699
0.712329 698
0.712329 697
0.712329 696
0.712329 695
0.712329 694
0.712183 694
0.712183 693
0.712183 692
0.712183 691
0.712183 690
0.712183 689
0.712183 688
0.712183 687
0.712051 687
0.712051 686
0.712051 685
0.712051 684
0.712051 683
0.712051 682
0.712051 681
0.712051 680
0.711917 680
0.711917 679
0.711917 678
0.711917 677
0.711796 677
0.711796 676
0.711796 675
0.711796 674
0.711796 673
0.711796 672
0.711796 671
0.711796 670
0.711689 670
0.711689 669
0.711689 668
0.711689 667
0.711689 666
0.711689 665
0.711689 664
0.711531 664
0.711531 663
0.711531 662
0.711531 661
0.711531 660
0.711531 659
0.711531 658
0.711531 657
0.711466 656
0.711321 656
0.711321 655
0.711321 654
0.711321 653
0.711321 652
0.711321 651
0.711321 650
0.711164 650
0.711164 649
0.711164 648
0.711164 647
0.711164 646
0.711164 645
0.711164 644
0.711164 643
0.711164 642
0.711164 641
0.711164 640
0.711164 639
0.711164 638
0.711164 637
0.711164 636
0.711164 635
0.711164 634
0.711031 634
0.711031 633
0.710887 633
0.710887 632
0.710887 631
0.710887 630
0.710887 629
0.710887 628
0.710887 627
0.710761 627
0.710621 627
0.710503 627
0.710503 626
0.710503 625
0.710503 624
0.710503 623
0.710503 622
0.710503 621
0.710503 620
0.710503 619
0.710387 619
0.710387 618
0.710238 618
0.710179 618
0.710179 617
0.710179 616
0.710179 615
0.710179 614
0.710179 613
0.710179 612
0.710179 611
0.710179 610
0.710179 609
0.710179 608
0.710179 607
0.710179 606
0.710179 605
0.710079 605
0.710079 604
0.710079 603
0.710079 602
0.710079 601
0.710079 600
0.710079 599
0.709975 599
0.709975 598
0.709975 597
0.709975 596
0.709975 595
0.709975 594
0.709975 593
0.709964 592
0.709964 591
0.709827 591
0.709694 591
0.709694 590
0.709694 589
0.709547 589
0.709547 588
0.709547 587
0.709547 586
0.709547 585
0.709547 584
0.709547 583
0.709547 582
0.709547 581
0.709547 580
0.709547 579
0.709547 578
0.709547 577
0.709547 576
0.709547 575
0.709547 574
0.709425 574
0.709425 573
0.709425 572
0.709425 571
0.709269 571
0.709269 570
0.709269 569
0.709157 569
0.709157 568
0.709157 567
0.709157 566
0.709157 565
0.709057 565
0.709057 564
0.709057 563
0.709057 562
0.709057 561
0.709057 560
0.709057 559
0.709057 558
0.709057 557
0.708936 557
0.708936 556
0.708936 555
0.708936 554
0.708936 553
0.708793 553
0.708793 551
0.708681 551
0.708681 550
0.708681 549
0.708681 548
0.708681 547
0.708681 546
0.708548 546
0.708548 545
0.708548 544
0.708548 543
0.708548 542
0.708548 541
0.708548 540
0.708548 539
0.708548 538
0.708548 537
0.708548 536
0.708548 535
0.708414 535
0.708414 534
0.708414 533
0.708414 532
0.708414 531
0.708414 530
0.708414 529
0.708414 528
0.708414 527
0.708414 526
0.708414 525
0.708414 524
0.708414 523
0.708319 522
0.708319 521
0.708319 520
0.708319 519
0.70819 519
0.708178 518
0.708178 517
0.708178 516
0.708178 515
0.708178 514
0.708178 513
0.708178 512
0.708115 511
0.708115 510
0.708115 509
0.708115 508
0.708113 506
0.708106 505
0.708106 504
0.708106 503
0.708105 502
0.708105 501
0.708105 500
0.708105 499
0.708105 498
0.708086 497
0.708086 496
0.707978 496
0.707978 495
0.707938 494
0.707938 493
0.707938 492
0.707938 491
0.707938 490
0.707938 489
0.707938 488
0.707938 487
0.707812 487
0.707812 486
0.707812 485
0.707812 484
0.707812 483
0.707812 482
0.707812 481
0.707812 480
0.707812 479
0.707812 478
0.707812 477
0.707731 476
0.707731 475
0.707731 474
0.707731 473
0.707731 472
0.707731 471
0.707731 470
0.707731 469
0.707731 468
0.707731 467
0.707731 466
0.707731 465
0.707597 465
0.707597 464
0.707597 463
0.707597 462
0.707493 462
0.707493 461
0.707493 460
0.707493 459
0.707493 458
0.707493 457
0.707493 456
0.707493 455
0.707493 454
0.707493 453
0.707493 452
0.707493 451
0.707493 450
0.707493 449
0.707493 448
0.707493 447
0.707493 446
0.707493 445
0.707493 444
0.707493 443
0.707493 442
0.707493 441
0.707466 440
0.707466 439
0.707466 438
0.707466 437
0.707466 436
0.707466 435
0.707466 434
0.707466 433
0.707466 432
0.707331 432
0.707331 431
0.707305 430
0.707168 430
0.707168 429
0.707168 428
0.707168 427
0.707168 426
0.707168 425
0.707168 424
0.707168 423
0.707168 422
0.707168 421
0.707065 421
0.707007 420
0.707007 419
0.707007 418
0.706901 418
0.706901 417
0.706901 416
0.706752 416
0.706596 416
0.706596 415
0.706596 414
0.706479 414
0.706479 413
0.706479 412
0.706479 411
0.706337 411
0.706337 410
0.706337 409
0.706337 408
0.706337 407
0.706187 407
0.706187 406
0.706187 405
0.706187 404
0.70607 404
0.70607 403
0.70607 402
0.70607 401
0.70607 400
0.70607 399
0.705947 399
0.705862 398
0.705862 397
0.705862 396
0.705862 395
0.705782 394
0.705782 393
0.705782 392
0.705782 391
0.705641 391
0.705641 390
0.705641 389
0.705641 388
0.705485 388
0.705485 387
0.705485 386
0.705485 385
0.705485 384
0.705485 383
0.705485 382
0.705485 381
0.705485 380
0.705485 379
0.705485 378
0.705485 377
0.705485 376
0.705485 375
0.705485 374
0.705485 373
0.705485 372
0.705485 371
0.705464 370
0.705464 369
0.705464 368
0.705464 367
0.705341 367
0.705341 366
0.705201 366
0.705201 365
0.705201 364
0.705079 364
0.704963 364
0.704963 363
0.704963 362
0.704963 361
0.704963 360
0.704963 359
0.704843 359
0.704843 358
0.704725 358
0.704725 357
0.704725 356
0.704725 355
0.704725 354
0.704725 353
0.704725 352
0.704725 351
0.704725 350
0.704725 349
0.704725 348
0.704725 347
0.704725 346
0.704725 345
0.704725 344
0.704725 343
0.704725 342
0.704725 341
0.704725 340
0.704725 339
0.704632 338
0.704632 337
0.704632 336
0.704632 335
0.704632 334
0.704632 333
0.704632 332
0.704471 332
0.704471 331
0.704471 330
0.704471 329
0.704367 329
0.704367 328
0.704233 328
0.704127 328
0.704127 327
0.703985 327
0.70384 327
0.70384 326
0.70384 325
0.70384 324
0.703723 324
0.703603 324
0.703453 324
0.703453 323
0.703453 322
0.703324 322
0.703179 322
0.703179 321
0.703179 320
0.703179 319
0.703179 318
0.70302 318
0.70302 317
0.70302 316
0.70302 315
0.702868 315
0.702748 315
0.702748 314
0.702748 313
0.702748 312
0.702623 312
0.702514 312
0.702514 311
0.702367 311
0.702367 310
0.702367 309
0.702367 308
0.702367 307
0.702367 306
0.702349 305
0.702349 304
0.702349 303
0.702349 302
0.702349 301
0.702349 300
0.702349 299
0.702207 299
0.702087 299
0.702087 298
0.702087 297
0.702087 296
0.701967 296
0.701967 295
0.701967 294
0.701967 293
0.701967 292
0.701967 291
0.701821 291
0.701821 290
0.70169 290
0.701534 290
0.701534 289
0.701534 288
0.701534 287
0.701534 286
0.701534 285
0.701534 284
0.701429 284
0.701429 283
0.701298 283
0.701298 282
0.701298 281
0.701298 280
0.701136 280
0.701103 279
0.701103 278
0.701103 277
0.701103 276
0.701103 275
0.701103 274
0.701103 273
0.701103 272
0.701103 271
0.701031 270
0.700972 269
0.700972 268
0.700972 267
0.700972 266
0.700848 266
0.700848 265
0.700848 264
0.700848 263
0.700848 262
0.700762 261
0.700762 260
0.700762 259
0.700706 258
0.700706 257
0.700666 256
0.700532 256
0.700532 255
0.700532 254
0.700532 253
0.700532 252
0.700532 251
0.700532 250
0.700532 249
0.700532 248
0.700532 247
0.700375 247
0.700375 246
0.70029 245
0.70029 244
0.700167 244
0.700167 243
0.700021 243
0.700021 242
0.699918 242
0.699918 241
0.69979 241
0.69979 240
0.69979 239
0.69979 238
0.699655 238
0.699655 237
0.699655 236
0.699655 235
0.699655 234
0.699655 233
0.699504 233
0.699504 232
0.699482 231
0.699482 230
0.699351 230
0.699223 230
0.699223 229
0.699223 228
0.699097 228
0.698965 228
0.698965 227
0.698965 226
0.698841 226
0.698841 225
0.698841 224
0.698704 224
0.698704 223
0.698594 223
0.698448 223
0.698294 223
0.698294 222
0.698294 221
0.698293 220
0.698293 219
0.698293 218
0.698155 218
0.698155 217
0.698155 216
0.698155 215
0.698155 214
0.698085 213
0.697925 213
0.697908 212
0.697908 211
0.697765 211
0.697765 210
0.697765 209
0.697765 208
0.697765 207
0.697765 206
0.697765 205
0.697631 205
0.697631 204
0.697557 203
0.697557 202
0.697451 202
0.697307 202
0.697307 201
0.697307 200
0.697307 199
0.697307 198
0.697167 198
0.697036 198
0.697036 197
0.696892 197
0.696892 196
0.696892 195
0.696745 195
0.696745 194
0.696614 194
0.696482 194
0.696482 193
0.696335 193
0.696335 192
0.696204 192
0.696204 191
0.696204 190
0.696204 189
0.696204 188
0.696204 187
0.696204 186
0.696052 186
0.696052 185
0.695924 185
0.6958 185
0.6958 184
0.6958 183
0.6958 182
0.695657 182
0.695657 181
0.695657 180
0.695657 179
0.695657 178
0.695657 177
0.695657 176
0.695528 176
0.695388 176
0.695112 176
0.695112 175
0.694989 175
0.694989 174
0.694866 174
0.694866 173
0.694866 172
0.69474 172
0.694582 172
0.694582 171
0.694582 170
0.69445 170
0.694299 170
0.694299 169
0.694299 168
0.694159 168
0.694026 168
0.694026 167
0.694026 166
0.693879 166
0.69378 166
0.69378 165
0.69378 164
0.69378 163
0.693644 163
0.693644 162
0.693514 162
0.693395 162
0.693268 162
0.693268 161
0.693107 161
0.693053 160
0.692939 160
0.692822 160
0.692822 159
0.692685 159
0.692685 158
0.692685 157
0.692588 157
0.692466 157
0.692466 156
0.692343 156
0.692189 156
0.692189 155
0.69204 155
0.691894 155
0.691894 154
0.691894 153
0.691894 152
0.69176 152
0.691668 151
0.691668 150
0.691543 150
0.691543 149
0.691429 149
0.691429 148
0.691276 148
0.69113 148
0.69113 147
0.69113 146
0.69113 145
0.69113 144
0.69113 143
0.69113 142
0.690992 142
0.690835 142
0.690835 141
0.690835 140
0.690835 139
0.69069 139
0.69069 138
0.690551 138
0.69043 138
0.69043 137
0.690299 137
0.690299 136
0.690164 136
0.690033 136
0.689899 136
0.689778 136
0.689628 136
0.689475 136
0.689326 136
0.689208 136
0.68909 136
0.68909 135
0.68909 134
0.68909 133
0.688934 133
0.688934 132
0.688779 132
0.688639 132
0.688539 132
0.688404 132
0.688404 131
0.688404 130
0.688285 130
0.688285 129
0.688124 129
0.687963 129
0.687963 128
0.687963 127
0.687963 126
0.687808 126
0.687656 126
0.687656 125
0.687656 124
0.687537 124
0.687473 123
0.687473 122
0.687333 122
0.687333 121
0.687333 120
0.687333 119
0.687204 119
0.687058 119
0.687058 118
0.686902 118
0.686902 117
0.686902 116
0.686766 116
0.686671 115
0.686671 114
0.686515 114
0.686515 113
0.686359 113
0.686359 112
0.686228 112
0.686091 112
0.68596 112
0.68596 111
0.68596 110
0.685829 110
0.685716 110
0.685563 110
0.685417 110
0.685308 110
0.685308 109
0.685155 109
0.685155 108
0.684994 108
0.684994 107
0.684858 107
0.684705 107
0.684705 106
0.684705 105
0.684705 104
0.684705 103
0.684705 102
0.684705 101
0.684605 101
0.68447 101
0.684331 101
0.684174 101
0.684052 101
0.684052 100
0.68392 100
0.683748 100
0.683592 100
0.683495 99
0.683349 99
0.683349 98
0.683241 98
0.683123 98
0.683123 97
0.683123 96
0.682966 96
0.682966 95
0.682831 95
0.682831 94
0.682681 94
0.682681 93
0.682533 93
0.682533 92
0.682437 91
0.682284 91
0.682136 91
0.681996 91
0.681996 90
0.681865 90
0.681865 89
0.681714 89
0.681585 89
0.681433 89
0.681351 88
0.681231 88
0.681094 88
0.68097 88
0.680812 88
0.680683 88
0.680683 87
0.680543 87
0.680419 87
0.680419 86
0.680325 85
0.680212 85
0.680212 84
0.680077 84
0.679946 84
0.679783 84
0.679632 84
0.679479 84
0.679363 84
0.67922 84
0.679093 84
0.679093 83
0.678962 83
0.678962 82
0.678829 82
0.678829 81
0.678669 81
0.678539 81
0.678514 80
0.678409 80
0.678281 80
0.678139 80
0.678139 79
0.677985 79
0.677862 79
0.67777 78
0.67777 77
0.677628 77
0.677504 77
0.677378 77
0.677226 77
0.677086 77
0.676934 77
0.67681 77
0.67664 77
0.676498 77
0.676366 77
0.676251 77
0.676092 77
0.676092 76
0.675959 76
0.675833 76
0.675833 75
0.675675 75
0.675675 74
0.675525 74
0.675525 73
0.67537 73
0.67523 73
0.675097 73
0.67496 73
0.674789 73
0.674789 72
0.674789 71
0.674789 70
0.674642 70
0.674527 70
0.6744 70
0.6744 69
0.674265 69
0.674265 68
0.674158 68
0.674158 67
0.674011 67
0.673871 67
0.673761 67
0.673628 67
0.673478 67
0.673336 67
0.673336 66
0.6732 66
0.673059 66
0.673059 65
0.672949 65
0.672803 65
0.672696 65
0.672573 65
0.672573 64
0.672573 63
0.672429 63
0.672429 62
0.672301 62
0.672161 62
0.67201 62
0.67185 62
0.671705 62
0.671588 62
0.671433 62
0.671433 61
0.671276 61
0.671276 60
0.671127 60
0.671127 59
0.671005 59
0.670854 59
0.670854 58
0.670721 58
0.670607 58
0.670455 58
0.670324 58
0.670324 57
0.670324 56
0.670183 56
0.670088 55
0.670088 54
0.669944 54
0.66982 54
0.669677 54
0.669522 54
0.669369 54
0.669226 54
0.669066 54
0.668914 54
0.668776 54
0.668617 54
0.668477 54
0.66834 54
0.668212 54
0.668075 54
0.668075 53
0.668075 52
0.667947 52
0.667947 51
0.667798 51
0.667798 50
0.667798 49
0.667639 49
0.667639 48
0.66748 48
0.667366 48
0.667232 48
0.66713 48
0.666992 48
0.666854 48
0.666699 48
0.666552 48
0.666433 48
0.66631 48
0.66631 47
0.666164 47
0.666028 47
0.66589 47
0.66576 47
0.665621 47
0.665475 47
0.665326 47
0.665178 47
0.665033 47
0.665033 46
0.664898 46
0.664835 45
0.664697 45
0.664584 45
0.664432 45
0.664294 45
0.664149 45
0.66399 45
0.663863 45
0.663863 44
0.663707 44
0.663555 44
0.663555 43
0.663398 43
0.663238 43
0.663238 42
0.663098 42
0.662935 42
0.662935 41
0.662935 40
0.662806 40
0.662668 40
0.662534 40
0.66239 40
0.662239 40
0.662071 40
0.661942 40
0.661794 40
0.661653 40
0.661513 40
0.661368 40
0.6612 40
0.661055 40
0.660908 40
0.660755 40
0.660682 39
0.660682 38
0.660569 38
0.660433 38
0.660279 38
0.660153 38
0.660005 38
0.659873 38
0.659735 38
0.659601 38
0.659449 38
0.659334 38
0.659175 38
0.659043 38
0.658891 38
0.658768 38
0.658622 38
0.658622 37
0.658478 37
0.658373 37
0.65823 37
0.65812 37
0.657968 37
0.657825 37
0.657693 37
0.657547 37
0.65739 37
0.657123 37
0.657002 37
0.656856 37
0.656735 37
0.65659 37
0.656449 37
0.656367 36
0.6562 36
0.656067 36
0.655936 36
0.655802 36
0.655656 36
0.65551 36
0.655367 36
0.655228 36
0.655074 36
0.654929 36
0.654929 35
0.654789 35
0.654638 35
0.654482 35
0.654325 35
0.654168 35
0.654034 35
0.653885 35
0.653778 35
0.65363 35
0.653494 35
0.653375 35
0.653247 35
0.653247 34
0.653104 34
0.652956 34
0.652826 34
0.652826 33
0.652681 33
0.652544 33
0.652413 33
0.652305 33
0.652159 33
0.652001 33
0.651844 33
0.651696 33
0.651546 33
0.651395 33
0.651255 33
0.651096 33
0.650968 33
0.650968 32
0.650825 32
0.650707 32
0.650569 32
0.650455 32
0.650327 32
0.650204 32
0.650048 32
0.650048 31
0.649902 31
0.649749 31
0.649749 30
0.649594 30
0.649434 30
0.649281 30
0.649145 30
0.649008 30
0.648884 30
0.648738 30
0.648598 30
0.648432 30
0.64828 30
0.648121 30
0.647976 30
0.647844 30
0.647709 30
0.647549 30
0.647414 30
0.64727 30
0.647138 30
0.647002 30
0.64688 30
0.646738 30
0.646591 30
0.646441 30
0.646441 29
0.646321 29
0.646191 29
0.646191 28
0.646073 28
0.645928 28
0.645802 28
0.645658 28
0.645658 27
0.645575 26
0.645425 26
0.645261 26
0.645134 26
0.644995 26
0.644839 26
0.644683 26
0.644557 26
0.644409 26
0.644409 25
0.644262 25
0.644125 25
0.643991 25
0.643846 25
0.643732 25
0.643573 25
0.643441 25
0.643296 25
0.643296 24
0.643156 24
0.643019 24
0.64287 24
0.642733 24
0.642579 24
0.642264 24
0.642123 24
0.641982 24
0.641829 24
0.641678 24
0.641533 24
0.641402 24
0.641259 24
0.641108 24
0.64099 24
0.64085 24
0.640706 24
0.640552 24
0.640552 23
0.640411 23
0.640255 23
0.640103 23
0.639967 23
0.639843 23
0.639724 23
0.639569 23
0.639421 23
0.639266 23
0.639032 22
0.639032 21
0.638921 21
0.638786 21
0.638637 21
0.638503 21
0.638342 21
0.638185 21
0.638042 21
0.637915 21
0.637783 21
0.637657 21
0.637512 21
0.637215 21
0.637069 21
0.63694 21
0.636786 21
0.636645 21
0.636503 21
0.63635 21
0.636196 21
0.636196 20
0.636032 20
0.635877 20
0.635726 20
0.635605 20
0.635451 20
0.635334 20
0.63518 20
0.635056 20
0.634943 20
0.634795 20
0.63465 20
0.634372 20
0.634221 20
0.634107 20
0.633973 20
0.633825 20
0.633675 20
0.633675 19
0.6334 19
0.633101 19
0.632958 19
0.632653 19
0.632495 19
0.632354 19
0.632211 19
0.632061 19
0.631917 19
0.631763 19
0.631617 19
0.631517 19
0.63142 18
0.631295 18
0.631145 18
0.63101 18
0.630867 18
0.630736 18
0.630594 18
0.630445 18
0.630291 18
0.630144 18
0.630019 18
0.629906 18
0.629755 18
0.629609 18
0.629474 18
0.629185 18
0.62902 18
0.628871 18
0.628715 18
0.628619 17
0.628473 17
0.628324 17
0.628164 17
0.628012 17
0.62788 17
0.627733 17
0.627594 17
0.627459 17
0.627309 17
0.627155 17
0.627009 17
0.626857 17
0.626694 17
0.626573 17
0.626447 17
0.626301 17
0.626152 17
0.626001 17
0.625864 17
0.625722 17
0.62564 15
0.625497 15
0.62535 15
0.625212 15
0.625066 15
0.62491 15
0.624756 15
0.624618 15
0.624355 15
0.624209 15
0.624052 15
0.623923 15
0.623768 15
0.623625 15
0.623487 15
0.623358 15
0.623267 14
0.623113 14
0.622965 14
0.622834 14
0.622676 14
0.622523 14
0.622369 14
0.622231 14
0.622094 14
0.621956 14
0.62168 14
0.621534 14
0.621416 14
0.621116 14
0.620974 14
0.620699 14
0.620559 14
0.620404 14
0.620142 14
0.619989 14
0.619676 14
0.619404 14
0.619245 14
0.619093 14
0.618958 14
0.618805 14
0.618805 13
0.618648 13
0.618505 13
0.618383 13
0.618097 13
0.617951 13
0.617689 13
0.617579 13
0.617434 13
0.617168 13
0.616874 13
0.616592 13
0.616445 13
0.616303 13
0.615998 13
0.61587 13
0.615717 13
0.615461 13
0.615324 13
0.615184 13
0.615046 13
0.614889 13
0.614745 13
0.614625 13
0.614472 13
0.61432 13
0.614169 13
0.613887 13
0.613763 13
0.613627 13
0.613471 13
0.613074 13
0.612922 13
0.612776 13
0.612776 12
0.612491 12
0.612229 12
0.612083 12
0.611801 12
0.611641 12
0.611502 12
0.61121 12
0.611052 12
0.610908 12
0.610616 12
0.610325 12
0.610178 12
0.610025 12
0.609882 12
0.60948 12
0.609332 12
0.609202 12
0.609053 12
0.608791 12
0.60852 12
0.608386 12
0.60824 12
0.607928 12
0.607657 12
0.607548 12
0.607104 11
0.60697 11
0.606824 11
0.606513 11
0.606243 11
0.606102 11
0.605962 11
0.60581 11
0.605514 11
0.605239 11
0.605084 11
0.604803 11
0.604512 11
0.604373 10
0.604118 10
0.603834 10
0.603684 10
0.603254 10
0.603254 9
0.602999 9
0.602386 9
0.602099 9
0.601503 9
0.600913 9
0.600638 9
0.600198 9
0.5998 9
0.59922 9
0.599076 9
0.598925 9
0.598481 9
0.598334 9
0.597908 9
0.597763 9
0.597608 9
0.597079 9
0.596923 9
0.596472 9
0.596342 9
0.595729 9
0.59558 9
0.595297 9
0.594905 9
0.594618 9
0.594479 9
0.594326 8
0.593457 8
0.592781 8
0.592068 7
0.591493 7
0.591348 7
0.591057 7
0.590585 7
0.589723 7
0.589351 7
0.589227 7
0.588662 7
0.588227 7
0.587487 7
0.587332 7
0.586655 7
0.586255 7
0.58569 7
0.585376 7
0.584501 7
0.583751 7
0.582798 6
0.582062 6
0.581217 6
0.58062 6
0.580033 6
0.579733 6
0.578715 6
0.57744 5
0.576256 5
0.574351 5
0.573188 5
0.571825 5
0.57065 5
0.569018 5
0.567975 5
0.564665 5
0.561388 5
0.55868 5
0.55721 5
0.554525 5
0.550321 5
0.545769 4
0.539457 4
0.525045 3
0.498076 3
0 0
