0.947012 1111 0.500032
0.947012 1110 0.500308
0.947012 1109 0.500372
0.947012 1108 0.500548
0.946819 1108 0.500838
0.946819 1107 0.500852
0.946819 1106 0.501251
0.946819 1105 0.50221
0.946819 1104 0.50229
0.946819 1103 0.50237
0.946819 1102 0.502625
0.946819 1101 0.502706
0.946819 1100 0.502731
0.946819 1099 0.502914
0.946819 1098 0.503104
0.946819 1097 0.50356
0.946819 1096 0.503805
0.946819 1095 0.503925
0.946819 1094 0.503995
0.946819 1093 0.5041
0.946819 1092 0.504518
0.946819 1091 0.505057
0.946819 1090 0.505092
0.946819 1089 0.505221
0.946819 1088 0.505775
0.946819 1087 0.505892
0.946819 1086 0.505896
0.946819 1085 0.506223
0.946819 1084 0.506281
0.946819 1083 0.506435
0.946819 1082 0.506909
0.946819 1081 0.507995
0.946819 1080 0.508396
0.946819 1079 0.508804
0.946819 1078 0.50892
0.946819 1077 0.509352
0.946819 1076 0.509511
0.946819 1075 0.509771
0.946819 1074 0.509787
0.946819 1073 0.510475
0.946819 1072 0.511086
0.946819 1071 0.511451
0.946819 1070 0.511631
0.946819 1069 0.511846
0.946819 1068 0.512142
0.946819 1067 0.512299
0.946819 1066 0.512636
0.946819 1065 0.512771
0.946819 1064 0.512775
0.946819 1063 0.512952
0.946819 1062 0.51346
0.946819 1061 0.51374
0.946819 1060 0.514042
0.946819 1059 0.51411
0.946819 1058 0.514263
0.946625 1058 0.514263
0.946625 1057 0.514381
0.946625 1056 0.51444
0.946625 1055 0.514503
0.946625 1054 0.514735
0.946625 1053 0.514852
0.946625 1052 0.515214
0.946625 1051 0.515393
0.946625 1050 0.515839
0.946625 1049 0.515852
0.946625 1048 0.515857
0.946625 1047 0.515928
0.946625 1046 0.51606
0.946625 1045 0.516322
0.946625 1044 0.516418
0.946625 1043 0.516613
0.946625 1042 0.516698
0.946625 1041 0.517015
0.946432 1041 0.517088
0.946432 1040 0.517205
0.946432 1039 0.517306
0.946432 1038 0.517376
0.946432 1037 0.517397
0.946432 1036 0.517814
0.946432 1035 0.518419
0.946432 1034 0.518638
0.946432 1033 0.519023
0.946432 1032 0.519995
0.946432 1031 0.52006
0.946239 1031 0.52008
0.946239 1030 0.520886
0.946239 1029 0.520981
0.946239 1028 0.521025
0.946239 1027 0.521505
0.946045 1027 0.521677
0.946045 1026 0.522939
0.946045 1025 0.523282
0.946045 1024 0.523574
0.946045 1023 0.523691
0.946045 1022 0.523827
0.946045 1021 0.523865
0.946045 1020 0.523931
0.946045 1019 0.524384
0.946045 1018 0.524558
0.946045 1017 0.52466
0.946045 1016 0.525128
0.946045 1015 0.525358
0.946045 1014 0.52607
0.946045 1013 0.526794
0.946045 1012 0.526844
0.946045 1011 0.52744
0.946045 1010 0.527471
0.946045 1009 0.527774
0.946045 1008 0.528023
0.946045 1007 0.528148
0.946045 1006 0.528208
0.946045 1005 0.528562
0.946045 1004 0.529003
0.946045 1003 0.529287
0.946045 1002 0.52945
0.946045 1001 0.530537
0.946045 1000 0.530551
0.946045 999 0.531075
0.946045 998 0.531132
0.946045 997 0.531993
0.945852 997 0.532128
0.945852 996 0.532334
0.945852 995 0.532562
0.945852 994 0.533765
0.945852 993 0.534681
0.945852 992 0.534831
0.945852 991 0.53499
0.945852 990 0.535287
0.945852 989 0.535407
0.945852 988 0.535408
0.945852 987 0.535569
0.945852 986 0.535914
0.945852 985 0.536325
0.945852 984 0.536444
0.945852 983 0.536945
0.945852 982 0.53698
0.945852 981 0.53711
0.945852 980 0.537115
0.945852 979 0.537232
0.945852 978 0.53732
0.945852 977 0.538383
0.945852 976 0.538852
0.945852 975 0.538861
0.945852 974 0.539178
0.945852 973 0.540819
0.945852 972 0.540906
0.945852 971 0.541139
0.945852 970 0.541333
0.945852 969 0.541358
0.945852 968 0.54196
0.945852 967 0.542235
0.945852 966 0.542714
0.945852 965 0.54276
0.945852 964 0.543127
0.945658 964 0.543845
0.945658 963 0.543989
0.945658 962 0.54497
0.945658 961 0.545165
0.945658 960 0.545313
0.945658 959 0.545484
0.945658 958 0.545927
0.945658 957 0.546177
0.945465 957 0.546669
0.945465 956 0.54675
0.945465 955 0.546808
0.945465 954 0.547627
0.945272 954 0.547822
0.945272 953 0.548125
0.945078 953 0.548159
0.945078 952 0.54828
0.945078 951 0.548291
0.945078 950 0.548528
0.945078 949 0.548561
0.945078 948 0.54861
0.945078 947 0.548904
0.945078 946 0.549471
0.945078 945 0.549586
0.945078 944 0.5501
0.945078 943 0.550324
0.945078 942 0.550512
0.945078 941 0.55064
0.945078 940 0.550682
0.945078 939 0.550711
0.945078 938 0.551721
0.944692 938 0.551739
0.944692 937 0.551835
0.944692 936 0.551852
0.944692 935 0.552013
0.944692 934 0.552432
0.944692 933 0.55246
0.944692 932 0.552564
0.944692 931 0.553142
0.944692 930 0.553357
0.944692 929 0.5535
0.944692 928 0.553552
0.944692 927 0.553617
0.944692 926 0.55384
0.944692 925 0.554302
0.944692 924 0.554763
0.944692 923 0.555511
0.944692 922 0.555684
0.944692 921 0.55693
0.944692 920 0.556967
0.944692 919 0.557274
0.944692 918 0.557411
0.944692 917 0.55756
0.944498 917 0.558927
0.944498 916 0.559418
0.944498 915 0.560057
0.944305 915 0.560171
0.944305 914 0.560446
0.944305 913 0.5606
0.944305 912 0.560754
0.944305 911 0.560802
0.944305 910 0.561272
0.944305 909 0.561503
0.944305 908 0.561671
0.944305 907 0.56177
0.944305 906 0.56247
0.944305 905 0.562915
0.944305 904 0.56314
0.944305 903 0.563327
0.944305 902 0.563402
0.944305 901 0.563641
0.944305 900 0.563725
0.944305 899 0.563813
0.944305 898 0.563839
0.944305 897 0.5644
0.944305 896 0.564608
0.944305 895 0.565611
0.944305 894 0.565827
0.944305 893 0.565985
0.944305 892 0.56637
0.944305 891 0.566894
0.944305 890 0.567211
0.944305 889 0.567259
0.944305 888 0.567339
0.944305 887 0.567801
0.944305 886 0.568318
0.944305 885 0.568428
0.944305 884 0.568505
0.944305 883 0.56888
0.944305 882 0.569147
0.944305 881 0.569353
0.944305 880 0.569372
0.944305 879 0.569452
0.944305 878 0.570081
0.944305 877 0.570471
0.944305 876 0.570925
0.944111 876 0.57113
0.944111 875 0.571236
0.944111 874 0.571559
0.943918 874 0.571834
0.943918 873 0.572232
0.943918 872 0.572405
0.943918 871 0.572799
0.943918 870 0.573638
0.943918 869 0.573664
0.943918 868 0.573731
0.943918 867 0.573892
0.943918 866 0.573955
0.943918 865 0.574211
0.943918 864 0.574253
0.943918 863 0.574704
0.943918 862 0.5756
0.943918 861 0.576368
0.943918 860 0.576507
0.943918 859 0.576563
0.943918 858 0.576634
0.943918 857 0.577084
0.943918 856 0.577289
0.943918 855 0.577716
0.943918 854 0.577735
0.943918 853 0.577792
0.943918 852 0.578377
0.943918 851 0.578507
0.943918 850 0.578556
0.943918 849 0.579446
0.943918 848 0.580051
0.943918 847 0.580207
0.943918 846 0.580308
0.943918 845 0.580667
0.943918 844 0.581237
0.943918 843 0.581496
0.943918 842 0.581526
0.943918 841 0.582385
0.943918 840 0.583056
0.943918 839 0.583221
0.943918 838 0.583708
0.943725 838 0.583762
0.943725 837 0.584281
0.943725 836 0.58463
0.943725 835 0.584777
0.943725 834 0.585924
0.943725 833 0.586845
0.943725 832 0.58731
0.943725 831 0.587331
0.943725 830 0.587414
0.943725 829 0.587796
0.943725 828 0.588244
0.943725 827 0.588289
0.943725 826 0.588717
0.943725 825 0.588721
0.943725 824 0.588987
0.943725 823 0.589232
0.943725 822 0.589773
0.943725 821 0.590115
0.943725 820 0.591345
0.943725 819 0.592804
0.943531 819 0.592976
0.943531 818 0.593771
0.943531 817 0.594778
0.943531 816 0.594939
0.943531 815 0.595271
0.943531 814 0.595672
0.943531 813 0.596249
0.943531 812 0.596389
0.943531 811 0.59661
0.943531 810 0.596829
0.943531 809 0.596928
0.943531 808 0.597204
0.943531 807 0.597225
0.943531 806 0.597334
0.943531 805 0.598162
0.943531 804 0.598588
0.943531 803 0.599867
0.943531 802 0.600045
0.943531 801 0.600125
0.943531 800 0.600189
0.943531 799 0.600483
0.943531 798 0.600724
0.943531 797 0.600751
0.943531 796 0.60098
0.943531 795 0.601059
0.943338 795 0.60204
0.943338 794 0.602643
0.943338 793 0.602748
0.943338 792 0.604723
0.943338 791 0.604885
0.943338 790 0.605207
0.943144 790 0.605759
0.943144 789 0.605932
0.943144 788 0.607021
0.943144 787 0.607128
0.943144 786 0.608704
0.942951 786 0.608773
0.942951 785 0.608792
0.942951 784 0.609734
0.942951 783 0.609928
0.942951 782 0.610234
0.942951 781 0.610312
0.942951 780 0.610427
0.942951 779 0.612066
0.942951 778 0.613259
0.942951 777 0.614071
0.942951 776 0.614127
0.942951 775 0.614314
0.942951 774 0.614514
0.942951 773 0.615324
0.942951 772 0.615392
0.942951 771 0.616591
0.942951 770 0.616778
0.942951 769 0.617795
0.942951 768 0.617964
0.942951 767 0.618374
0.942951 766 0.618392
0.942951 765 0.618939
0.942951 764 0.619673
0.942951 763 0.621154
0.942951 762 0.621352
0.942951 761 0.621354
0.942758 761 0.621429
0.942758 760 0.622521
0.942758 759 0.62274
0.942758 758 0.622809
0.942758 757 0.623366
0.942758 756 0.623878
0.942758 755 0.623944
0.942758 754 0.623992
0.942758 753 0.62468
0.942564 753 0.624778
0.942564 752 0.624807
0.942564 751 0.625139
0.942564 750 0.625374
0.942371 750 0.625634
0.942371 749 0.625857
0.942371 748 0.626317
0.942371 747 0.626556
0.942371 746 0.62697
0.942178 746 0.627305
0.942178 745 0.62731
0.942178 744 0.627352
0.941984 744 0.627628
0.941984 743 0.628192
0.941984 742 0.628348
0.941984 741 0.628354
0.941984 740 0.628532
0.941984 739 0.629005
0.941984 738 0.629663
0.941984 737 0.630718
0.941984 736 0.631108
0.941791 736 0.631424
0.941597 736 0.631489
0.941597 735 0.633526
0.941597 734 0.634017
0.941597 733 0.634275
0.941597 732 0.63443
0.941597 731 0.635146
0.941597 730 0.635266
0.941597 729 0.635663
0.941597 728 0.636099
0.941597 727 0.636196
0.941597 726 0.636574
0.941597 725 0.636633
0.941404 725 0.636634
0.941404 724 0.636816
0.941404 723 0.636899
0.941404 722 0.637035
0.941404 721 0.638114
0.941211 721 0.638258
0.941211 720 0.638528
0.941211 719 0.63865
0.941211 718 0.639747
0.941211 717 0.639903
0.941211 716 0.640693
0.941211 715 0.641195
0.941211 714 0.641215
0.941211 713 0.641401
0.941211 712 0.641447
0.941211 711 0.641748
0.941211 710 0.642772
0.941211 709 0.642804
0.941211 708 0.644269
0.941211 707 0.644612
0.941211 706 0.644774
0.941211 705 0.644949
0.941211 704 0.645986
0.941211 703 0.646172
0.941211 702 0.646866
0.941211 701 0.647161
0.941211 700 0.647619
0.941211 699 0.648301
0.941211 698 0.649286
0.941211 697 0.650251
0.941211 696 0.65031
0.941211 695 0.6504
0.941211 694 0.652139
0.941017 694 0.652155
0.941017 693 0.653767
0.941017 692 0.654148
0.941017 691 0.654251
0.941017 690 0.654314
0.941017 689 0.654632
0.941017 688 0.654836
0.941017 687 0.654921
0.940824 687 0.655696
0.940824 686 0.656222
0.940824 685 0.656753
0.940824 684 0.657044
0.940824 683 0.657563
0.940824 682 0.657971
0.940824 681 0.658019
0.940824 680 0.658446
0.94063 680 0.659811
0.94063 679 0.660094
0.94063 678 0.660988
0.94063 677 0.661527
0.940437 677 0.662505
0.940437 676 0.662806
0.940437 675 0.662963
0.940437 674 0.663006
0.940437 673 0.663489
0.940437 672 0.663568
0.940437 671 0.663717
0.940437 670 0.66384
0.940244 670 0.664182
0.940244 669 0.664445
0.940244 668 0.664557
0.940244 667 0.664614
0.940244 666 0.66488
0.940244 665 0.665157
0.940244 664 0.665632
0.94005 664 0.66603
0.94005 663 0.666206
0.94005 662 0.667085
0.94005 661 0.669389
0.94005 660 0.669499
0.94005 659 0.669695
0.94005 658 0.67016
0.94005 657 0.670661
0.94005 656 0.671946
0.939857 656 0.672245
0.939857 655 0.672757
0.939857 654 0.673142
0.939857 653 0.673443
0.939857 652 0.673824
0.939857 651 0.673844
0.939857 650 0.674063
0.939664 650 0.674214
0.939664 649 0.674345
0.939664 648 0.674726
0.939664 647 0.67475
0.939664 646 0.675014
0.939664 645 0.675226
0.939664 644 0.67529
0.939664 643 0.675442
0.939664 642 0.676118
0.939664 641 0.676642
0.939664 640 0.676868
0.939664 639 0.677309
0.939664 638 0.677423
0.939664 637 0.678501
0.939664 636 0.679142
0.939664 635 0.679258
0.939664 634 0.679569
0.93947 634 0.679635
0.93947 633 0.680504
0.939277 633 0.68056
0.939277 632 0.68092
0.939277 631 0.681408
0.939277 630 0.682658
0.939277 629 0.682774
0.939277 628 0.682823
0.939277 627 0.683227
0.939083 627 0.683277
0.93889 627 0.683621
0.938697 627 0.68396
0.938697 626 0.684411
0.938697 625 0.684871
0.938697 624 0.685966
0.938697 623 0.687193
0.938697 622 0.687289
0.938697 621 0.687688
0.938697 620 0.687801
0.938697 619 0.688064
0.938503 619 0.688239
0.938503 618 0.692651
0.93831 618 0.693141
0.938116 618 0.693784
0.938116 617 0.694221
0.938116 616 0.695531
0.938116 615 0.695894
0.938116 614 0.697731
0.938116 613 0.698058
0.938116 612 0.698954
0.938116 611 0.699751
0.938116 610 0.699873
0.938116 609 0.700352
0.938116 608 0.700629
0.938116 607 0.701189
0.938116 606 0.702688
0.938116 605 0.704927
0.937923 605 0.705334
0.937923 604 0.706023
0.937923 603 0.706323
0.937923 602 0.708025
0.937923 601 0.708977
0.937923 600 0.709325
0.937923 599 0.710569
0.93773 599 0.710922
0.93773 598 0.710963
0.93773 597 0.71114
0.93773 596 0.711758
0.93773 595 0.712078
0.93773 594 0.713616
0.93773 593 0.713982
0.93773 592 0.714042
0.93773 591 0.714261
0.937536 591 0.714788
0.937343 591 0.714821
0.937343 590 0.715104
0.937343 589 0.717008
0.937149 589 0.717247
0.937149 588 0.717352
0.937149 587 0.717585
0.937149 586 0.718367
0.937149 585 0.71908
0.937149 584 0.719166
0.937149 583 0.720476
0.937149 582 0.720521
0.937149 581 0.720563
0.937149 580 0.720683
0.937149 579 0.720747
0.937149 578 0.721022
0.937149 577 0.721746
0.937149 576 0.722185
0.937149 575 0.722691
0.937149 574 0.723331
0.936956 574 0.723533
0.936956 573 0.723857
0.936956 572 0.724489
0.936956 571 0.724682
0.936763 571 0.724939
0.936763 570 0.725038
0.936763 569 0.72627
0.936569 569 0.726382
0.936569 568 0.727438
0.936569 567 0.727666
0.936569 566 0.72782
0.936569 565 0.728964
0.936376 565 0.729073
0.936376 564 0.729174
0.936376 563 0.72932
0.936376 562 0.730462
0.936376 561 0.732003
0.936376 560 0.732216
0.936376 559 0.732387
0.936376 558 0.732978
0.936376 557 0.736299
0.936183 557 0.736342
0.936183 556 0.736882
0.936183 555 0.737002
0.936183 554 0.737387
0.936183 553 0.737432
0.935989 553 0.737604
0.935989 551 0.738004
0.935796 551 0.738071
0.935796 550 0.738094
0.935796 549 0.738511
0.935796 548 0.738833
0.935796 547 0.739796
0.935796 546 0.739977
0.935602 546 0.740232
0.935602 545 0.74061
0.935602 544 0.741212
0.935602 543 0.741349
0.935602 542 0.741951
0.935602 541 0.742612
0.935602 540 0.742897
0.935602 539 0.742998
0.935602 538 0.743064
0.935602 537 0.743139
0.935602 536 0.743789
0.935602 535 0.743855
0.935409 535 0.743991
0.935409 534 0.74402
0.935409 533 0.744233
0.935409 532 0.744235
0.935409 531 0.744521
0.935409 530 0.744698
0.935409 529 0.744791
0.935409 528 0.746001
0.935409 527 0.747837
0.935409 526 0.747843
0.935409 525 0.748149
0.935409 524 0.748908
0.935409 523 0.749748
0.935409 522 0.750389
0.935409 521 0.750565
0.935409 520 0.751232
0.935409 519 0.751761
0.935216 519 0.752616
0.935216 518 0.752866
0.935216 517 0.752884
0.935216 516 0.753244
0.935216 515 0.753261
0.935216 514 0.753583
0.935216 513 0.753901
0.935216 512 0.754184
0.935216 511 0.754959
0.935216 510 0.755046
0.935216 509 0.755954
0.935216 508 0.75597
0.935216 506 0.756119
0.935216 505 0.757694
0.935216 504 0.757779
0.935216 503 0.75819
0.935216 502 0.758683
0.935216 501 0.759201
0.935216 500 0.75953
0.935216 499 0.759566
0.935216 498 0.759672
0.935216 497 0.760416
0.935216 496 0.760785
0.935022 496 0.762467
0.935022 495 0.762547
0.935022 494 0.764239
0.935022 493 0.764356
0.935022 492 0.764706
0.935022 491 0.764998
0.935022 490 0.76604
0.935022 489 0.766215
0.935022 488 0.767012
0.935022 487 0.76709
0.934829 487 0.769106
0.934829 486 0.769776
0.934829 485 0.769934
0.934829 484 0.770074
0.934829 483 0.770649
0.934829 482 0.770874
0.934829 481 0.770984
0.934829 480 0.771137
0.934829 479 0.772881
0.934829 478 0.774084
0.934829 477 0.774248
0.934829 476 0.774405
0.934829 475 0.774595
0.934829 474 0.774615
0.934829 473 0.775097
0.934829 472 0.776164
0.934829 471 0.776217
0.934829 470 0.778809
0.934829 469 0.778824
0.934829 468 0.779182
0.934829 467 0.779739
0.934829 466 0.780065
0.934829 465 0.780098
0.934635 465 0.780138
0.934635 464 0.780222
0.934635 463 0.780363
0.934635 462 0.780626
0.934442 462 0.781217
0.934442 461 0.781458
0.934442 460 0.782147
0.934442 459 0.783717
0.934442 458 0.783726
0.934442 457 0.784123
0.934442 456 0.784219
0.934442 455 0.785285
0.934442 454 0.785673
0.934442 453 0.785802
0.934442 452 0.786076
0.934442 451 0.786082
0.934442 450 0.787422
0.934442 449 0.78816
0.934442 448 0.788448
0.934442 447 0.78952
0.934442 446 0.790483
0.934442 445 0.790649
0.934442 444 0.792908
0.934442 443 0.793341
0.934442 442 0.796241
0.934442 441 0.796341
0.934442 440 0.796409
0.934442 439 0.796855
0.934442 438 0.796904
0.934442 437 0.796907
0.934442 436 0.797244
0.934442 435 0.79766
0.934442 434 0.797999
0.934442 433 0.799123
0.934442 432 0.799175
0.934249 432 0.799682
0.934249 431 0.800189
0.934249 430 0.800293
0.934055 430 0.80162
0.934055 429 0.802013
0.934055 428 0.80284
0.934055 427 0.803971
0.934055 426 0.804194
0.934055 425 0.804728
0.934055 424 0.804754
0.934055 423 0.805192
0.934055 422 0.807691
0.934055 421 0.807799
0.933862 421 0.808203
0.933862 420 0.810341
0.933862 419 0.810493
0.933862 418 0.810499
0.933669 418 0.810619
0.933669 417 0.811617
0.933669 416 0.811635
0.933475 416 0.812177
0.933282 416 0.813897
0.933282 415 0.813904
0.933282 414 0.813974
0.933088 414 0.814157
0.933088 413 0.814455
0.933088 412 0.814618
0.933088 411 0.815442
0.932895 411 0.815721
0.932895 410 0.81756
0.932895 409 0.818107
0.932895 408 0.818229
0.932895 407 0.818248
0.932702 407 0.819226
0.932702 406 0.819575
0.932702 405 0.819755
0.932702 404 0.820001
0.932508 404 0.820597
0.932508 403 0.820741
0.932508 402 0.820831
0.932508 401 0.821222
0.932508 400 0.821242
0.932508 399 0.821446
0.932315 399 0.82155
0.932315 398 0.821651
0.932315 397 0.822693
0.932315 396 0.822835
0.932315 395 0.823371
0.932315 394 0.823493
0.932315 393 0.823755
0.932315 392 0.824438
0.932315 391 0.824699
0.932121 391 0.824738
0.932121 390 0.825285
0.932121 389 0.825872
0.932121 388 0.825952
0.931928 388 0.826868
0.931928 387 0.827118
0.931928 386 0.828134
0.931928 385 0.828139
0.931928 384 0.82855
0.931928 383 0.828825
0.931928 382 0.82896
0.931928 381 0.82923
0.931928 380 0.829373
0.931928 379 0.829708
0.931928 378 0.830055
0.931928 377 0.830919
0.931928 376 0.830974
0.931928 375 0.831026
0.931928 374 0.831571
0.931928 373 0.83243
0.931928 372 0.833458
0.931928 371 0.833815
0.931928 370 0.833968
0.931928 369 0.834001
0.931928 368 0.834224
0.931928 367 0.835295
0.931735 367 0.835383
0.931735 366 0.835482
0.931541 366 0.835787
0.931541 365 0.836376
0.931541 364 0.836884
0.931348 364 0.837795
0.931155 364 0.837905
0.931155 363 0.838232
0.931155 362 0.8383
0.931155 361 0.839107
0.931155 360 0.839462
0.931155 359 0.83983
0.930961 359 0.840156
0.930961 358 0.840287
0.930768 358 0.84104
0.930768 357 0.842638
0.930768 356 0.842764
0.930768 355 0.843453
0.930768 354 0.843927
0.930768 353 0.844144
0.930768 352 0.84458
0.930768 351 0.84473
0.930768 350 0.844852
0.930768 349 0.845043
0.930768 348 0.84511
0.930768 347 0.846001
0.930768 346 0.846291
0.930768 345 0.846343
0.930768 344 0.846352
0.930768 343 0.846721
0.930768 342 0.846867
0.930768 341 0.847578
0.930768 340 0.847644
0.930768 339 0.8482
0.930768 338 0.848228
0.930768 337 0.848434
0.930768 336 0.848451
0.930768 335 0.850142
0.930768 334 0.850175
0.930768 333 0.851077
0.930768 332 0.851719
0.930574 332 0.851724
0.930574 331 0.852737
0.930574 330 0.852789
0.930574 329 0.853279
0.930381 329 0.853482
0.930381 328 0.853507
0.930188 328 0.853875
0.929994 328 0.854172
0.929994 327 0.855626
0.929801 327 0.855945
0.929607 327 0.857059
0.929607 326 0.857329
0.929607 325 0.857696
0.929607 324 0.857801
0.929414 324 0.857875
0.929221 324 0.85809
0.929027 324 0.858241
0.929027 323 0.858308
0.929027 322 0.858396
0.928834 322 0.858536
0.92864 322 0.858784
0.92864 321 0.859004
0.92864 320 0.861426
0.92864 319 0.861784
0.92864 318 0.862073
0.928447 318 0.862661
0.928447 317 0.863134
0.928447 316 0.863452
0.928447 315 0.863788
0.928254 315 0.864654
0.92806 315 0.864752
0.92806 314 0.864787
0.92806 313 0.865059
0.92806 312 0.865323
0.927867 312 0.865517
0.927674 312 0.86605
0.927674 311 0.866594
0.92748 311 0.867102
0.92748 310 0.867592
0.92748 309 0.868467
0.92748 308 0.868684
0.92748 307 0.868842
0.92748 306 0.869117
0.92748 305 0.869268
0.92748 304 0.869726
0.92748 303 0.869762
0.92748 302 0.869767
0.92748 301 0.870283
0.92748 300 0.8716
0.92748 299 0.872555
0.927287 299 0.872585
0.927093 299 0.873912
0.927093 298 0.874049
0.927093 297 0.874559
0.927093 296 0.875034
0.9269 296 0.875151
0.9269 295 0.875251
0.9269 294 0.876153
0.9269 293 0.876233
0.9269 292 0.876459
0.9269 291 0.876574
0.926707 291 0.87676
0.926707 290 0.877735
0.926513 290 0.877813
0.92632 290 0.878133
0.92632 289 0.879709
0.92632 288 0.881511
0.92632 287 0.881678
0.92632 286 0.881805
0.92632 285 0.882176
0.92632 284 0.8824
0.926126 284 0.883719
0.926126 283 0.884591
0.925933 283 0.886355
0.925933 282 0.886837
0.925933 281 0.88769
0.925933 280 0.887699
0.92574 280 0.888681
0.92574 279 0.890441
0.92574 278 0.890482
0.92574 277 0.890874
0.92574 276 0.891764
0.92574 275 0.892956
0.92574 274 0.893239
0.92574 273 0.893267
0.92574 272 0.893417
0.92574 271 0.893532
0.92574 270 0.894163
0.92574 269 0.8945
0.92574 268 0.895067
0.92574 267 0.895941
0.92574 266 0.896256
0.925546 266 0.896361
0.925546 265 0.896361
0.925546 264 0.896632
0.925546 263 0.897131
0.925546 262 0.897395
0.925546 261 0.897442
0.925546 260 0.897813
0.925546 259 0.897938
0.925546 258 0.900516
0.925546 257 0.901246
0.925546 256 0.902048
0.925353 256 0.902562
0.925353 255 0.903336
0.925353 254 0.904177
0.925353 253 0.904498
0.925353 252 0.904832
0.925353 251 0.905053
0.925353 250 0.90544
0.925353 249 0.906033
0.925353 248 0.906166
0.925353 247 0.906227
0.92516 247 0.906466
0.92516 246 0.907337
0.92516 245 0.907596
0.92516 244 0.907905
0.924966 244 0.908187
0.924966 243 0.908605
0.924773 243 0.909177
0.924773 242 0.909261
0.924579 242 0.90989
0.924579 241 0.910131
0.924386 241 0.910205
0.924386 240 0.911908
0.924386 239 0.912247
0.924386 238 0.912735
0.924193 238 0.91316
0.924193 237 0.913318
0.924193 236 0.913969
0.924193 235 0.914363
0.924193 234 0.914935
0.924193 233 0.91498
0.923999 233 0.915387
0.923999 232 0.916422
0.923999 231 0.916444
0.923999 230 0.916756
0.923806 230 0.916909
0.923612 230 0.917132
0.923612 229 0.918022
0.923612 228 0.919099
0.923419 228 0.919156
0.923226 228 0.919267
0.923226 227 0.919339
0.923226 226 0.919662
0.923032 226 0.919923
0.923032 225 0.922038
0.923032 224 0.922194
0.922839 224 0.922427
0.922839 223 0.92352
0.922646 223 0.923995
0.922452 223 0.924041
0.922259 223 0.924139
0.922259 222 0.924642
0.922259 221 0.924722
0.922259 220 0.925188
0.922259 219 0.926622
0.922259 218 0.9275
0.922065 218 0.928104
0.922065 217 0.929197
0.922065 216 0.929709
0.922065 215 0.930035
0.922065 214 0.930423
0.922065 213 0.931706
0.921872 213 0.931965
0.921872 212 0.932215
0.921872 211 0.932752
0.921679 211 0.93278
0.921679 210 0.933276
0.921679 209 0.934369
0.921679 208 0.935317
0.921679 207 0.935776
0.921679 206 0.936093
0.921679 205 0.936593
0.921485 205 0.936648
0.921485 204 0.937337
0.921485 203 0.937703
0.921485 202 0.938316
0.921292 202 0.939232
0.921098 202 0.939349
0.921098 201 0.941136
0.921098 200 0.94115
0.921098 199 0.94186
0.921098 198 0.942117
0.920905 198 0.942572
0.920712 198 0.942585
0.920712 197 0.943053
0.920518 197 0.943473
0.920518 196 0.944123
0.920518 195 0.944193
0.920325 195 0.944525
0.920325 194 0.944725
0.920132 194 0.945292
0.919938 194 0.945345
0.919938 193 0.945649
0.919745 193 0.945859
0.919745 192 0.945964
0.919551 192 0.946496
0.919551 191 0.946688
0.919551 190 0.947031
0.919551 189 0.947153
0.919551 188 0.947466
0.919551 187 0.94811
0.919551 186 0.948128
0.919358 186 0.948311
0.919358 185 0.94859
0.919165 185 0.949292
0.918971 185 0.949618
0.918971 184 0.949911
0.918971 183 0.950248
0.918971 182 0.950619
0.918778 182 0.950934
0.918778 181 0.951368
0.918778 180 0.951528
0.918778 179 0.951773
0.918778 178 0.951778
0.918778 177 0.952092
0.918778 176 0.952326
0.918584 176 0.952745
0.918391 176 0.952964
0.918004 176 0.953153
0.918004 175 0.953217
0.917811 175 0.953297
0.917811 174 0.953332
0.917617 174 0.954027
0.917617 173 0.954361
0.917617 172 0.95441
0.917424 172 0.954491
0.917231 172 0.954568
0.917231 171 0.954578
0.917231 170 0.954638
0.917037 170 0.954667
0.916844 170 0.955187
0.916844 169 0.955561
0.916844 168 0.955607
0.916651 168 0.956079
0.916457 168 0.956532
0.916457 167 0.956817
0.916457 166 0.958326
0.916264 166 0.95859
0.91607 166 0.959281
0.91607 165 0.959533
0.91607 164 0.959877
0.91607 163 0.961254
0.915877 163 0.961343
0.915877 162 0.961509
0.915684 162 0.962154
0.91549 162 0.962237
0.915297 162 0.962336
0.915297 161 0.962358
0.915103 161 0.962663
0.915103 160 0.962944
0.91491 160 0.963393
0.914717 160 0.963626
0.914717 159 0.96387
0.914523 159 0.964484
0.914523 158 0.964568
0.914523 157 0.965214
0.91433 157 0.965432
0.914137 157 0.96623
0.914137 156 0.966294
0.913943 156 0.966512
0.91375 156 0.966525
0.91375 155 0.966675
0.913556 155 0.966878
0.913363 155 0.967222
0.913363 154 0.967343
0.913363 153 0.967759
0.913363 152 0.967875
0.91317 152 0.968701
0.91317 151 0.968704
0.91317 150 0.968846
0.912976 150 0.969085
0.912976 149 0.969574
0.912783 149 0.969835
0.912783 148 0.969947
0.912589 148 0.969979
0.912396 148 0.970111
0.912396 147 0.970231
0.912396 146 0.97093
0.912396 145 0.970965
0.912396 144 0.971057
0.912396 143 0.971064
0.912396 142 0.971086
0.912203 142 0.971413
0.912009 142 0.971715
0.912009 141 0.97202
0.912009 140 0.972745
0.912009 139 0.973063
0.911816 139 0.973072
0.911816 138 0.973343
0.911623 138 0.973429
0.911429 138 0.973527
0.911429 137 0.973541
0.911236 137 0.97377
0.911236 136 0.973924
0.911042 136 0.974397
0.910849 136 0.974465
0.910656 136 0.974665
0.910462 136 0.974682
0.910269 136 0.974858
0.910075 136 0.975512
0.909882 136 0.975822
0.909689 136 0.976419
0.909495 136 0.97648
0.909495 135 0.976551
0.909495 134 0.976583
0.909495 133 0.976631
0.909302 133 0.977003
0.909302 132 0.977195
0.909108 132 0.977727
0.908915 132 0.978038
0.908722 132 0.978073
0.908528 132 0.978136
0.908528 131 0.978538
0.908528 130 0.978561
0.908335 130 0.978583
0.908335 129 0.978619
0.908142 129 0.978812
0.907948 129 0.979016
0.907948 128 0.979195
0.907948 127 0.979582
0.907948 126 0.979791
0.907755 126 0.979852
0.907561 126 0.97986
0.907561 125 0.979881
0.907561 124 0.980125
0.907368 124 0.980398
0.907368 123 0.980551
0.907368 122 0.980682
0.907175 122 0.980688
0.907175 121 0.98073
0.907175 120 0.980837
0.907175 119 0.981258
0.906981 119 0.981413
0.906788 119 0.981492
0.906788 118 0.981599
0.906594 118 0.981617
0.906594 117 0.98168
0.906594 116 0.98188
0.906401 116 0.981985
0.906401 115 0.982197
0.906401 114 0.982282
0.906208 114 0.982322
0.906208 113 0.982892
0.906014 113 0.983059
0.906014 112 0.983368
0.905821 112 0.983502
0.905628 112 0.98356
0.905434 112 0.98361
0.905434 111 0.984037
0.905434 110 0.984127
0.905241 110 0.984183
0.905047 110 0.984244
0.904854 110 0.984297
0.904661 110 0.984355
0.904467 110 0.984387
0.904467 109 0.984439
0.904274 109 0.984629
0.904274 108 0.98464
0.90408 108 0.984841
0.90408 107 0.984864
0.903887 107 0.985196
0.903694 107 0.985211
0.903694 106 0.985344
0.903694 105 0.985345
0.903694 104 0.985355
0.903694 103 0.985685
0.903694 102 0.985789
0.903694 101 0.986003
0.9035 101 0.986025
0.903307 101 0.986071
0.903114 101 0.986167
0.90292 101 0.98621
0.902727 101 0.986868
0.902727 100 0.986898
0.902533 100 0.987075
0.90234 100 0.987257
0.902147 100 0.987335
0.902147 99 0.987398
0.901953 99 0.987402
0.901953 98 0.987609
0.90176 98 0.987738
0.901566 98 0.988015
0.901566 97 0.988056
0.901566 96 0.988181
0.901373 96 0.988521
0.901373 95 0.988641
0.90118 95 0.988651
0.90118 94 0.988842
0.900986 94 0.988928
0.900986 93 0.988946
0.900793 93 0.988971
0.900793 92 0.989172
0.900793 91 0.989256
0.900599 91 0.989356
0.900406 91 0.989426
0.900213 91 0.989436
0.900213 90 0.989868
0.900019 90 0.990436
0.900019 89 0.99076
0.899826 89 0.990772
0.899633 89 0.99092
0.899439 89 0.990925
0.899439 88 0.990981
0.899246 88 0.991019
0.899052 88 0.991026
0.898859 88 0.991099
0.898666 88 0.991167
0.898472 88 0.991212
0.898472 87 0.991232
0.898279 87 0.991245
0.898085 87 0.991367
0.898085 86 0.991386
0.898085 85 0.991455
0.897892 85 0.991486
0.897892 84 0.991524
0.897699 84 0.991545
0.897505 84 0.991554
0.897312 84 0.991563
0.897119 84 0.991766
0.896925 84 0.991776
0.896732 84 0.991881
0.896538 84 0.991926
0.896345 84 0.992242
0.896345 83 0.992258
0.896152 83 0.99226
0.896152 82 0.992312
0.895958 82 0.992341
0.895958 81 0.992388
0.895765 81 0.992408
0.895571 81 0.992445
0.895571 80 0.992565
0.895378 80 0.992574
0.895185 80 0.992588
0.894991 80 0.992632
0.894991 79 0.992651
0.894798 79 0.992704
0.894605 79 0.992955
0.894605 78 0.992958
0.894605 77 0.993118
0.894411 77 0.993166
0.894218 77 0.993254
0.894024 77 0.993288
0.893831 77 0.993361
0.893638 77 0.993405
0.893444 77 0.993435
0.893251 77 0.993437
0.893057 77 0.993463
0.892864 77 0.993526
0.892671 77 0.993593
0.892477 77 0.993741
0.892284 77 0.993768
0.892284 76 0.993897
0.892091 76 0.993933
0.891897 76 0.993979
0.891897 75 0.994129
0.891704 75 0.994226
0.891704 74 0.994278
0.89151 74 0.994286
0.89151 73 0.994286
0.891317 73 0.994339
0.891124 73 0.994355
0.89093 73 0.994402
0.890737 73 0.994598
0.890543 73 0.994634
0.890543 72 0.994683
0.890543 71 0.994779
0.890543 70 0.994809
0.89035 70 0.994832
0.890157 70 0.99489
0.889963 70 0.994935
0.889963 69 0.994938
0.88977 69 0.994973
0.88977 68 0.995063
0.889576 68 0.995116
0.889576 67 0.995175
0.889383 67 0.995278
0.88919 67 0.995459
0.888996 67 0.99553
0.888803 67 0.995615
0.88861 67 0.995731
0.888416 67 0.995814
0.888416 66 0.995857
0.888223 66 0.995861
0.888029 66 0.9959
0.888029 65 0.996034
0.887836 65 0.996074
0.887643 65 0.99609
0.887449 65 0.996092
0.887256 65 0.996108
0.887256 64 0.99627
0.887256 63 0.99627
0.887062 63 0.996293
0.887062 62 0.996349
0.886869 62 0.996362
0.886676 62 0.996396
0.886482 62 0.996422
0.886289 62 0.996445
0.886096 62 0.996445
0.885902 62 0.996454
0.885709 62 0.99649
0.885709 61 0.996492
0.885515 61 0.99653
0.885515 60 0.996631
0.885322 60 0.996642
0.885322 59 0.996682
0.885129 59 0.996683
0.884935 59 0.996804
0.884935 58 0.996808
0.884742 58 0.99683
0.884548 58 0.996968
0.884355 58 0.996977
0.884162 58 0.997007
0.884162 57 0.997046
0.884162 56 0.99714
0.883968 56 0.997169
0.883968 55 0.997209
0.883968 54 0.997215
0.883775 54 0.997337
0.883582 54 0.997345
0.883388 54 0.997356
0.883195 54 0.997419
0.883001 54 0.997451
0.882808 54 0.997465
0.882615 54 0.997482
0.882421 54 0.997483
0.882228 54 0.997618
0.882034 54 0.997623
0.881841 54 0.997743
0.881648 54 0.997755
0.881454 54 0.997783
0.881261 54 0.997802
0.881261 53 0.997805
0.881261 52 0.997847
0.881067 52 0.997851
0.881067 51 0.997876
0.880874 51 0.997878
0.880874 50 0.997888
0.880874 49 0.997891
0.880681 49 0.997894
0.880681 48 0.997904
0.880487 48 0.997935
0.880294 48 0.997967
0.880101 48 0.997973
0.879907 48 0.997973
0.879714 48 0.997991
0.87952 48 0.998022
0.879327 48 0.998039
0.879134 48 0.998059
0.87894 48 0.998207
0.878747 48 0.998276
0.878747 47 0.998281
0.878553 47 0.998282
0.87836 47 0.99832
0.878167 47 0.998324
0.877973 47 0.998329
0.87778 47 0.998342
0.877587 47 0.998422
0.877393 47 0.998452
0.8772 47 0.998455
0.877006 47 0.998469
0.877006 46 0.998491
0.876813 46 0.998493
0.876813 45 0.998499
0.87662 45 0.9985
0.876426 45 0.998512
0.876233 45 0.99857
0.876039 45 0.998594
0.875846 45 0.998599
0.875653 45 0.998609
0.875459 45 0.998651
0.875459 44 0.998653
0.875266 44 0.998653
0.875073 44 0.998654
0.875073 43 0.998678
0.874879 43 0.998705
0.874686 43 0.998715
0.874686 42 0.998758
0.874492 42 0.998821
0.874299 42 0.998854
0.874299 41 0.998868
0.874299 40 0.998887
0.874106 40 0.998937
0.873912 40 0.998949
0.873719 40 0.998961
0.873525 40 0.998997
0.873332 40 0.999002
0.873139 40 0.999004
0.872945 40 0.999009
0.872752 40 0.999016
0.872558 40 0.999017
0.872365 40 0.999038
0.872172 40 0.999074
0.871978 40 0.999077
0.871785 40 0.99908
0.871592 40 0.999101
0.871398 40 0.999106
0.871398 39 0.999109
0.871398 38 0.999112
0.871205 38 0.999118
0.871011 38 0.999138
0.870818 38 0.999155
0.870625 38 0.99918
0.870431 38 0.999187
0.870238 38 0.999195
0.870044 38 0.999199
0.869851 38 0.999204
0.869658 38 0.999209
0.869464 38 0.999231
0.869271 38 0.999232
0.869078 38 0.999234
0.868884 38 0.999237
0.868691 38 0.999241
0.868497 38 0.999254
0.868497 37 0.999257
0.868304 37 0.999266
0.868111 37 0.999272
0.867917 37 0.999284
0.867724 37 0.999286
0.86753 37 0.999287
0.867337 37 0.999288
0.867144 37 0.999305
0.86695 37 0.999309
0.866757 37 0.999317
0.86637 37 0.999334
0.866177 37 0.999337
0.865983 37 0.999348
0.86579 37 0.999354
0.865597 37 0.999355
0.865403 37 0.999357
0.865403 36 0.999363
0.86521 36 0.999373
0.865016 36 0.999381
0.864823 36 0.999385
0.86463 36 0.999404
0.864436 36 0.99941
0.864243 36 0.999416
0.86405 36 0.99942
0.863856 36 0.999425
0.863663 36 0.999449
0.863469 36 0.999455
0.863469 35 0.999456
0.863276 35 0.999469
0.863083 35 0.99947
0.862889 35 0.999475
0.862696 35 0.999477
0.862502 35 0.999478
0.862309 35 0.999481
0.862116 35 0.999487
0.861922 35 0.999492
0.861729 35 0.999498
0.861535 35 0.999499
0.861342 35 0.999501
0.861149 35 0.999503
0.861149 34 0.999505
0.860955 34 0.999519
0.860762 34 0.999526
0.860569 34 0.99953
0.860569 33 0.999546
0.860375 33 0.999549
0.860182 33 0.999552
0.859988 33 0.999559
0.859795 33 0.999561
0.859602 33 0.999562
0.859408 33 0.999563
0.859215 33 0.999574
0.859021 33 0.999587
0.858828 33 0.99959
0.858635 33 0.999592
0.858441 33 0.999593
0.858248 33 0.999598
0.858055 33 0.999605
0.858055 32 0.99961
0.857861 32 0.999611
0.857668 32 0.999612
0.857474 32 0.999619
0.857281 32 0.99962
0.857088 32 0.999626
0.856894 32 0.99963
0.856701 32 0.99963
0.856701 31 0.999637
0.856507 31 0.999648
0.856314 31 0.999652
0.856314 30 0.999656
0.856121 30 0.999668
0.855927 30 0.999668
0.855734 30 0.999674
0.855541 30 0.999677
0.855347 30 0.99968
0.855154 30 0.999684
0.85496 30 0.999689
0.854767 30 0.99969
0.854574 30 0.999691
0.85438 30 0.999703
0.854187 30 0.999715
0.853993 30 0.999718
0.8538 30 0.999722
0.853607 30 0.999734
0.853413 30 0.999736
0.85322 30 0.999744
0.853026 30 0.999745
0.852833 30 0.999745
0.85264 30 0.999747
0.852446 30 0.999754
0.852253 30 0.99976
0.85206 30 0.999761
0.851866 30 0.999768
0.851866 29 0.999768
0.851673 29 0.999771
0.851479 29 0.999772
0.851479 28 0.999772
0.851286 28 0.999773
0.851093 28 0.999776
0.850899 28 0.999776
0.850706 28 0.999779
0.850706 27 0.99978
0.850706 26 0.99978
0.850512 26 0.999781
0.850319 26 0.999782
0.850126 26 0.999784
0.849932 26 0.999788
0.849739 26 0.999789
0.849546 26 0.999792
0.849352 26 0.999794
0.849159 26 0.999795
0.849159 25 0.999795
0.848965 25 0.9998
0.848772 25 0.999802
0.848579 25 0.999803
0.848385 25 0.999805
0.848192 25 0.999806
0.847998 25 0.99981
0.847805 25 0.999812
0.847612 25 0.999819
0.847612 24 0.999821
0.847418 24 0.999822
0.847225 24 0.999823
0.847032 24 0.999827
0.846838 24 0.999831
0.846645 24 0.999832
0.846258 24 0.999834
0.846065 24 0.999836
0.845871 24 0.999837
0.845678 24 0.999842
0.845484 24 0.999843
0.845291 24 0.999845
0.845098 24 0.999846
0.844904 24 0.99985
0.844711 24 0.999851
0.844518 24 0.999854
0.844324 24 0.999854
0.844131 24 0.999859
0.843937 24 0.999863
0.843937 23 0.999866
0.843744 23 0.999868
0.843551 23 0.999868
0.843357 23 0.999869
0.843164 23 0.999871
0.84297 23 0.999871
0.842777 23 0.999873
0.842584 23 0.999873
0.84239 23 0.999877
0.842197 23 0.99988
0.842003 22 0.99988
0.842003 21 0.99988
0.84181 21 0.999884
0.841617 21 0.999887
0.841423 21 0.999887
0.84123 21 0.999888
0.841037 21 0.999892
0.840843 21 0.999893
0.84065 21 0.999895
0.840456 21 0.999896
0.840263 21 0.999897
0.84007 21 0.999898
0.839876 21 0.999898
0.839489 21 0.999899
0.839296 21 0.999901
0.839103 21 0.999902
0.838909 21 0.999904
0.838716 21 0.999906
0.838523 21 0.999907
0.838329 21 0.999908
0.838136 21 0.999908
0.838136 20 0.999908
0.837942 20 0.999908
0.837749 20 0.999909
0.837556 20 0.99991
0.837362 20 0.999912
0.837169 20 0.999912
0.836975 20 0.999913
0.836782 20 0.999913
0.836589 20 0.999914
0.836395 20 0.999914
0.836202 20 0.999915
0.836009 20 0.999915
0.835622 20 0.999917
0.835428 20 0.999919
0.835235 20 0.999919
0.835042 20 0.99992
0.834848 20 0.999921
0.834655 20 0.999923
0.834655 19 0.999923
0.834268 19 0.999924
0.833881 19 0.999924
0.833688 19 0.999925
0.833301 19 0.999925
0.833108 19 0.999926
0.832914 19 0.999926
0.832721 19 0.999927
0.832528 19 0.999927
0.832334 19 0.999927
0.832141 19 0.999929
0.831947 19 0.999929
0.831754 19 0.999929
0.831754 18 0.999932
0.831561 18 0.999932
0.831367 18 0.999932
0.831174 18 0.999933
0.83098 18 0.999933
0.830787 18 0.999933
0.830594 18 0.999934
0.8304 18 0.999934
0.830207 18 0.999936
0.830014 18 0.999936
0.82982 18 0.999937
0.829627 18 0.999937
0.829433 18 0.999938
0.82924 18 0.999938
0.829047 18 0.999938
0.82866 18 0.999939
0.828466 18 0.99994
0.828273 18 0.999941
0.82808 18 0.999942
0.82808 17 0.999942
0.827886 17 0.999943
0.827693 17 0.999944
0.8275 17 0.999944
0.827306 17 0.999945
0.827113 17 0.999945
0.826919 17 0.999946
0.826726 17 0.999946
0.826533 17 0.999947
0.826339 17 0.999948
0.826146 17 0.999949
0.825952 17 0.999951
0.825759 17 0.999951
0.825566 17 0.999952
0.825372 17 0.999953
0.825179 17 0.999953
0.824985 17 0.999954
0.824792 17 0.999954
0.824599 17 0.999955
0.824405 17 0.999955
0.824212 17 0.999956
0.824212 15 0.999956
0.824019 15 0.999957
0.823825 15 0.999957
0.823632 15 0.999957
0.823438 15 0.999957
0.823245 15 0.999958
0.823052 15 0.999958
0.822858 15 0.999959
0.822471 15 0.999959
0.822278 15 0.99996
0.822085 15 0.99996
0.821891 15 0.99996
0.821698 15 0.99996
0.821505 15 0.999961
0.821311 15 0.999961
0.821118 15 0.999961
0.821118 14 0.999961
0.820924 14 0.999962
0.820731 14 0.999962
0.820538 14 0.999963
0.820344 14 0.999964
0.820151 14 0.999964
0.819957 14 0.999965
0.819764 14 0.999965
0.819571 14 0.999966
0.819377 14 0.999967
0.818991 14 0.999967
0.818797 14 0.999967
0.818604 14 0.999967
0.818217 14 0.999968
0.818024 14 0.999969
0.817637 14 0.999969
0.817443 14 0.99997
0.81725 14 0.99997
0.816863 14 0.999971
0.81667 14 0.999971
0.816283 14 0.999971
0.815896 14 0.999971
0.815703 14 0.999972
0.81551 14 0.999972
0.815316 14 0.999972
0.815123 14 0.999973
0.815123 13 0.999973
0.814929 13 0.999974
0.814736 13 0.999974
0.814543 13 0.999974
0.814156 13 0.999975
0.813962 13 0.999975
0.813576 13 0.999975
0.813382 13 0.999975
0.813189 13 0.999975
0.812802 13 0.999976
0.812415 13 0.999976
0.812029 13 0.999976
0.811835 13 0.999976
0.811642 13 0.999976
0.811255 13 0.999977
0.811062 13 0.999977
0.810868 13 0.999977
0.810482 13 0.999977
0.810288 13 0.999978
0.810095 13 0.999978
0.809901 13 0.999978
0.809708 13 0.999979
0.809515 13 0.999979
0.809321 13 0.999979
0.809128 13 0.999979
0.808934 13 0.999979
0.808741 13 0.99998
0.808354 13 0.99998
0.808161 13 0.99998
0.807968 13 0.99998
0.807774 13 0.99998
0.807194 13 0.999981
0.807001 13 0.999981
0.806807 13 0.999981
0.806807 12 0.999981
0.80642 12 0.999982
0.806034 12 0.999982
0.80584 12 0.999982
0.805453 12 0.999983
0.80526 12 0.999983
0.805067 12 0.999983
0.80468 12 0.999983
0.804487 12 0.999984
0.804293 12 0.999984
0.803906 12 0.999984
0.80352 12 0.999985
0.803326 12 0.999985
0.803133 12 0.999985
0.802939 12 0.999985
0.802359 12 0.999985
0.802166 12 0.999985
0.801973 12 0.999985
0.801779 12 0.999986
0.801392 12 0.999986
0.801006 12 0.999986
0.800812 12 0.999987
0.800619 12 0.999987
0.800232 12 0.999987
0.799845 12 0.999988
0.799652 12 0.999988
0.799072 11 0.999988
0.798878 11 0.999988
0.798685 11 0.999988
0.798298 11 0.999988
0.797911 11 0.999989
0.797718 11 0.999989
0.797525 11 0.999989
0.797331 11 0.999989
0.796944 11 0.999989
0.796558 11 0.999989
0.796364 11 0.999989
0.795978 11 0.99999
0.795591 11 0.99999
0.795397 10 0.99999
0.795011 10 0.99999
0.794624 10 0.999991
0.79443 10 0.999991
0.79385 10 0.999991
0.79385 9 0.999991
0.793464 9 0.999991
0.79269 9 0.999991
0.792303 9 0.999991
0.79153 9 0.999992
0.790756 9 0.999992
0.790369 9 0.999992
0.789789 9 0.999992
0.789209 9 0.999992
0.788436 9 0.999992
0.788242 9 0.999992
0.788049 9 0.999992
0.787469 9 0.999992
0.787275 9 0.999993
0.786695 9 0.999993
0.786502 9 0.999993
0.786308 9 0.999993
0.785535 9 0.999993
0.785341 9 0.999993
0.784761 9 0.999994
0.784568 9 0.999994
0.783794 9 0.999994
0.783601 9 0.999994
0.783214 9 0.999994
0.782634 9 0.999994
0.782247 9 0.999994
0.782054 9 0.999994
0.78186 8 0.999995
0.7807 8 0.999995
0.779733 8 0.999995
0.778766 7 0.999995
0.777993 7 0.999995
0.777799 7 0.999995
0.777412 7 0.999995
0.776832 7 0.999995
0.775672 7 0.999996
0.775092 7 0.999996
0.774898 7 0.999996
0.774125 7 0.999996
0.773545 7 0.999996
0.772578 7 0.999996
0.772384 7 0.999996
0.771418 7 0.999996
0.770837 7 0.999997
0.770064 7 0.999997
0.769677 7 0.999997
0.768517 7 0.999997
0.76755 7 0.999997
0.766389 6 0.999997
0.765423 6 0.999997
0.764262 6 0.999997
0.763489 6 0.999997
0.762715 6 0.999998
0.762328 6 0.999998
0.760975 6 0.999998
0.759428 5 0.999998
0.75788 5 0.999998
0.755366 5 0.999998
0.753819 5 0.999998
0.751886 5 0.999998
0.750338 5 0.999999
0.748211 5 0.999999
0.746857 5 0.999999
0.74241 5 0.999999
0.738155 5 0.999999
0.734481 5 0.999999
0.732547 5 0.999999
0.729066 5 0.999999
0.723458 5 1
0.717463 4 1
0.709147 4 1
0.690195 3 1
0.654612 3 1
0 0 1.79769e+308
